#USM00072381 2025 04 09 21 2030   65 ncdc-gts ncdc-gts  349167 -1179000
30 -9999  -9999   900 -9999 -9999 -9999    10    15 
30 -9999  -9999  1200 -9999 -9999 -9999   310    31 
30 -9999  -9999  1800 -9999 -9999 -9999   260    31 
30 -9999  -9999  2100 -9999 -9999 -9999   240    36 
30 -9999  -9999  2400 -9999 -9999 -9999   270    26 
30 -9999  -9999  2700 -9999 -9999 -9999   225    31 
30 -9999  -9999  3600 -9999 -9999 -9999   165    21 
30 -9999  -9999  4200 -9999 -9999 -9999   250    41 
30 -9999  -9999  4500 -9999 -9999 -9999   240    57 
30 -9999  -9999  4800 -9999 -9999 -9999   215    67 
30 -9999  -9999  5700 -9999 -9999 -9999   255    67 
30 -9999  -9999  6000 -9999 -9999 -9999   260    72 
30 -9999  -9999  6900 -9999 -9999 -9999   270    87 
30 -9999  -9999  7500 -9999 -9999 -9999   265   129 
30 -9999  -9999  8100 -9999 -9999 -9999   260   108 
30 -9999  -9999  8400 -9999 -9999 -9999   275   113 
30 -9999  -9999  9000 -9999 -9999 -9999   255   139 
30 -9999  -9999  9300 -9999 -9999 -9999   245   139 
30 -9999  -9999 11400 -9999 -9999 -9999   255   154 
30 -9999  -9999 12000 -9999 -9999 -9999   245   195 
30 -9999  -9999 12600 -9999 -9999 -9999   260   154 
30 -9999  -9999 13500 -9999 -9999 -9999   230   149 
30 -9999  -9999 13800 -9999 -9999 -9999   265   175 
30 -9999  -9999 14400 -9999 -9999 -9999   245   180 
30 -9999  -9999 14700 -9999 -9999 -9999   255   211 
30 -9999  -9999 15000 -9999 -9999 -9999   275   190 
30 -9999  -9999 15600 -9999 -9999 -9999   260   149 
